[ENTETE]
V_DIC=01 02
V_PROT=01 05
V_DDS_ANT=01 02 05
V_DDS=01 02 7B
CRC_DDS_OLD=4F10
CRC_DDS=3A04
CRC=dfe0
[T_NET_DEVICE_DEFINITION]
[PAS_OD_WRITE]
ID=00050300 0000
DATA=2B 01 0100 4C0059004E0058002D00540032004F0043004F00000000000000000000000000000000000000000000000000000000000000000000000000000000000000000000000000000000000000000000000000 01 07 0000 0000 0000 06 03 01 01 02 02 02 02 06 00 00 00 00 00 00 00 00 00 04 04 04 04 04 04 0E 0D 0F 00 00 00 00 00 00 00 01
OPT=0000007f
[T_NET_DEVICE_DEFINITION]
[PAS_OD_WRITE]
ID=00050301 0000
DATA=2B 02 0200 4C0059004E0058002D00540032004F0000000000000000000000000000000000000000000000000000000000000000000000000000000000000000000000000000000000000000000000000000000000 01 06 0100 0100 0100 05 03 01 01 02 02 02 06 00 00 00 00 00 00 00 00 00 00 04 04 04 04 04 0E 0D 0F 00 00 00 00 00 00 00 00 01
OPT=0000007f
[T_NET_DEVICE_DEFINITION]
[PAS_OD_WRITE]
ID=00050302 0000
DATA=2B 03 0300 4C0059004E0058002D0032004F00000000000000000000000000000000000000000000000000000000000000000000000000000000000000000000000000000000000000000000000000000000000000 01 05 0200 0200 0200 04 03 01 01 02 02 06 00 00 00 00 00 00 00 00 00 00 00 04 04 04 04 0E 0D 0F 00 00 00 00 00 00 00 00 00 01
OPT=0000007f
[T_NET_DEVICE_DEFINITION]
[PAS_OD_WRITE]
ID=00050303 0000
DATA=2B 04 0400 4C0059004E0058002D0044004D00000000000000000000000000000000000000000000000000000000000000000000000000000000000000000000000000000000000000000000000000000000000000 02 02 0300 0300 0300 01 02 03 06 00 00 00 00 00 00 00 00 00 00 00 00 00 00 04 0E 0F 00 00 00 00 00 00 00 00 00 00 00 00 00 00
OPT=0000007f
[T_NET_DEVICE_DEFINITION]
[PAS_OD_WRITE]
ID=00050304 0000
DATA=2B 05 0500 4100560053005400000000000000000000000000000000000000000000000000000000000000000000000000000000000000000000000000000000000000000000000000000000000000000000000000 00 05 0400 0400 0400 00 06 04 05 05 05 06 00 00 00 00 00 00 00 00 00 00 00 0B 0B 0B 0B 0E 0F 00 00 00 00 00 00 00 00 00 00 00
OPT=0000007f
[T_NET_DEVICE_DEFINITION]
[PAS_OD_WRITE]
ID=00050305 0000
DATA=2B 06 0600 4400460043005400000000000000000000000000000000000000000000000000000000000000000000000000000000000000000000000000000000000000000000000000000000000000000000000000 00 00 0500 0500 0500 00 00 00 00 00 00 00 00 00 00 00 00 00 00 00 00 00 00 00 00 00 00 00 00 00 00 00 00 00 00 00 00 00 00 00
OPT=0000007f
[T_NET_DEVICE_DEFINITION]
[PAS_OD_WRITE]
ID=00050306 0000
DATA=2B 07 0700 4400460044005400000000000000000000000000000000000000000000000000000000000000000000000000000000000000000000000000000000000000000000000000000000000000000000000000 00 00 0600 0600 0600 00 00 00 00 00 00 00 00 00 00 00 00 00 00 00 00 00 00 00 00 00 00 00 00 00 00 00 00 00 00 00 00 00 00 00
OPT=0000007f
[T_NET_DEVICE_DEFINITION]
[PAS_OD_WRITE]
ID=00050307 0000
DATA=2B 08 0800 4C0059004E0058002D0045005400000000000000000000000000000000000000000000000000000000000000000000000000000000000000000000000000000000000000000000000000000000000000 01 03 0700 0700 0700 01 04 03 04 06 00 00 00 00 00 00 00 00 00 00 00 00 00 04 02 0E 0F 0C 00 00 00 00 00 00 00 00 00 00 00 00
OPT=0000007f
[T_NET_DEVICE_DEFINITION]
[PAS_OD_WRITE]
ID=00050308 0000
DATA=2B 09 0900 4C0059004E0058002D004D005400000000000000000000000000000000000000000000000000000000000000000000000000000000000000000000000000000000000000000000000000000000000000 01 04 0800 0800 0800 02 04 03 04 07 06 00 00 00 00 00 00 00 00 00 00 00 00 04 08 04 0E 0F 0C 00 00 00 00 00 00 00 00 00 00 00
OPT=0000007f
[T_NET_DEVICE_DEFINITION]
[PAS_OD_WRITE]
ID=00050309 0000
DATA=2B 0A 0A00 4C0059004E0058002D0054000000000000000000000000000000000000000000000000000000000000000000000000000000000000000000000000000000000000000000000000000000000000000000 01 04 0900 0900 0900 03 03 01 01 02 06 00 00 00 00 00 00 00 00 00 00 00 00 04 04 04 0E 0D 0F 00 00 00 00 00 00 00 00 00 00 01
OPT=0000007f
[T_NET_DEVICE_DEFINITION]
[PAS_OD_WRITE]
ID=0005030a 0000
DATA=2B 0B 0B00 4500430044004F00000000000000000000000000000000000000000000000000000000000000000000000000000000000000000000000000000000000000000000000000000000000000000000000000 02 00 0A00 0A00 0A00 00 00 00 00 00 00 00 00 00 00 00 00 00 00 00 00 00 00 00 00 00 00 00 00 00 00 00 00 00 00 00 00 00 00 00
OPT=0000007f
[T_NET_DEVICE_DEFINITION]
[PAS_OD_WRITE]
ID=0005030b 0000
DATA=2B 0C 0C00 4500430000000000000000000000000000000000000000000000000000000000000000000000000000000000000000000000000000000000000000000000000000000000000000000000000000000000 02 00 0B00 0B00 0B00 00 00 00 00 00 00 00 00 00 00 00 00 00 00 00 00 00 00 00 00 00 00 00 00 00 00 00 00 00 00 00 00 00 00 00
OPT=0000007f
[T_NET_DEVICE_DEFINITION]
[PAS_OD_WRITE]
ID=0005030c 0000
DATA=2B 0D 0D00 4C0059004E0058002D00540032004F0049000000000000000000000000000000000000000000000000000000000000000000000000000000000000000000000000000000000000000000000000000000 01 06 0C00 0C00 0C00 05 03 01 01 02 02 02 06 00 00 00 00 00 00 00 00 00 00 04 04 04 04 04 0E 0D 0F 00 00 00 00 00 00 00 00 01
OPT=0000007f
[T_NET_DEVICE_DEFINITION]
[PAS_OD_WRITE]
ID=0005030d 0000
DATA=2B 0E 0E00 5300420054003500300000000000000000000000000000000000000000000000000000000000000000000000000000000000000000000000000000000000000000000000000000000000000000000000 01 00 0D00 0D00 0D00 00 00 00 00 00 00 00 00 00 00 00 00 00 00 00 00 00 00 00 00 00 00 00 00 00 00 00 00 00 00 00 00 00 00 01
OPT=0000007f
[T_NET_DEVICE_DEFINITION]
[PAS_OD_WRITE]
ID=0005030e 0000
DATA=2B 0F 0F00 4100560053005400500000000000000000000000000000000000000000000000000000000000000000000000000000000000000000000000000000000000000000000000000000000000000000000000 00 06 0E00 0E00 0E00 01 06 04 05 05 05 07 06 00 00 00 00 00 00 00 00 00 00 0B 0B 0B 0B 04 0E 0F 00 00 00 00 00 00 00 00 00 00
OPT=0000007f
[T_NET_DEVICE_DEFINITION]
[PAS_OD_WRITE]
ID=00050311 0000
DATA=2B 12 1200 4C0059004E0058002D0045005400430032003300300000000000000000000000000000000000000000000000000000000000000000000000000000000000000000000000000000000000000000000000 01 03 1100 1100 1100 01 04 03 04 06 00 00 00 00 00 00 00 00 00 00 00 00 00 04 02 0E 0F 0C 00 00 00 00 00 00 00 00 00 00 00 00
OPT=0000007f
[T_NET_DEVICE_DEFINITION]
[PAS_OD_WRITE]
ID=00050312 0000
DATA=2B 13 1300 4C0059004E0058002D0044004D00470000000000000000000000000000000000000000000000000000000000000000000000000000000000000000000000000000000000000000000000000000000000 02 02 1200 1200 1200 01 02 03 06 00 00 00 00 00 00 00 00 00 00 00 00 00 00 04 0E 0F 00 00 00 00 00 00 00 00 00 00 00 00 00 00
OPT=0000007f
[T_NET_DEVICE_DEFINITION]
[PAS_OD_WRITE]
ID=00050314 0000
DATA=2B 15 1500 4C0059004E0058002D00540032004F002D004C0055004D000000000000000000000000000000000000000000000000000000000000000000000000000000000000000000000000000000000000000000 01 06 1400 1400 1400 05 03 01 01 02 02 02 06 00 00 00 00 00 00 00 00 00 00 04 04 04 04 04 0E 0D 0F 00 00 00 00 00 00 00 00 01
OPT=0000007f
[T_NET_DEVICE_DEFINITION]
[PAS_OD_WRITE]
ID=00050315 0000
DATA=2B 16 1600 4C0059004E0058002D0041005600530054002D00530000000000000000000000000000000000000000000000000000000000000000000000000000000000000000000000000000000000000000000000 00 05 1500 1500 1500 00 06 04 05 05 05 06 00 00 00 00 00 00 00 00 00 00 00 0B 0B 0B 0B 0E 0F 00 00 00 00 00 00 00 00 00 00 00
OPT=0000007f
[T_NET_DEVICE_DEFINITION]
[PAS_OD_WRITE]
ID=00050316 0000
DATA=2B 17 1700 4C0059004E0058002D00410056005300540050002D0053000000000000000000000000000000000000000000000000000000000000000000000000000000000000000000000000000000000000000000 00 06 1600 1600 1600 01 06 04 05 05 05 07 06 00 00 00 00 00 00 00 00 00 00 0B 0B 0B 0B 04 0E 0F 00 00 00 00 00 00 00 00 00 00
OPT=0000007f
[PAS_SDO_SEND_DIRECT]
OPT=0a01010b
ID=00000000 0000
OPT=0003
DATA=00
OPT=00000001F4
[PAS_PDO_SEND]
OPT=0004 00050300 00050301 00050302 00050303 00050304 00050305 00050306 00050307 00050308 00050309 0005030a 0005030b 0005030c 0005030d 0005030e 00050311 00050312 00050314 00050315 00050316 00000014 0a01010b
[PAS_SDO_SEND_DIRECT]
OPT=0a01010b
ID=00000000 0000
OPT=0004
DATA=00
OPT=00000001F4
