[ENTETE]
V_DIC=01 02
V_PROT=01 05
V_DDS_ANT=01 02 05
V_DDS=01 02 7B
CRC_DDS_OLD=4F10
CRC_DDS=3A04
CRC=b509
[T_NET_DEVICE_DEF_FUNCTION_LIST]
[PAS_OD_WRITE]
ID=00071700 0000
DATA=40 01 01 01 01 01 01 01 00 01 00 00 00 00 00 00 00 01 01 01 01 01 01 01 01 01 01 01 00 00 00 00 00 01 01 01 00 00 00 00 00 00 00 00 00 00 00 00 00 01 01 01 01 01 01 01 00 00 00 00 00 00 00 00 00
OPT=00000041
[T_NET_DEVICE_DEF_FUNCTION_LIST]
[PAS_OD_WRITE]
ID=00071701 0000
DATA=40 01 01 01 01 01 01 01 00 01 00 00 00 00 00 00 00 01 01 01 01 01 01 01 01 01 01 01 00 00 00 00 00 01 01 01 00 00 00 00 00 00 00 00 00 00 00 00 00 01 01 01 01 01 01 01 00 00 00 00 00 00 00 00 00
OPT=00000041
[T_NET_DEVICE_DEF_FUNCTION_LIST]
[PAS_OD_WRITE]
ID=00071702 0000
DATA=40 01 01 01 01 01 01 01 00 01 00 00 00 00 00 00 00 01 01 01 01 01 01 01 01 01 01 01 00 00 00 00 00 01 01 01 00 00 00 00 00 00 00 00 00 00 00 00 00 01 01 01 01 01 01 01 00 00 00 00 00 00 00 00 00
OPT=00000041
[T_NET_DEVICE_DEF_FUNCTION_LIST]
[PAS_OD_WRITE]
ID=00071703 0000
DATA=40 01 01 01 01 01 01 01 00 01 00 00 00 00 00 00 00 01 01 01 01 01 01 01 01 01 01 01 00 00 00 00 00 01 01 01 00 00 00 00 00 00 00 00 00 00 00 00 00 01 01 01 01 01 01 01 00 00 00 00 00 00 00 00 00
OPT=00000041
[T_NET_DEVICE_DEF_FUNCTION_LIST]
[PAS_OD_WRITE]
ID=00071704 0000
DATA=40 01 01 01 01 01 01 01 00 01 00 00 00 00 00 00 00 01 01 01 01 01 01 01 01 00 00 00 00 00 00 00 00 01 01 01 00 00 00 00 00 00 00 00 00 00 00 00 00 01 01 01 01 01 01 00 00 00 00 00 00 00 00 00 00
OPT=00000041
[T_NET_DEVICE_DEF_FUNCTION_LIST]
[PAS_OD_WRITE]
ID=00071705 0000
DATA=40 00 00 00 00 00 00 00 00 00 00 00 00 00 00 00 00 00 00 00 00 00 00 00 00 00 00 00 00 00 00 00 00 00 00 00 00 00 00 00 00 00 00 00 00 00 00 00 00 00 00 00 00 00 00 00 00 00 00 00 00 00 00 00 00
OPT=00000041
[T_NET_DEVICE_DEF_FUNCTION_LIST]
[PAS_OD_WRITE]
ID=00071706 0000
DATA=40 00 00 00 00 00 00 00 00 00 00 00 00 00 00 00 00 00 00 00 00 00 00 00 00 00 00 00 00 00 00 00 00 00 00 00 00 00 00 00 00 00 00 00 00 00 00 00 00 00 00 00 00 00 00 00 00 00 00 00 00 00 00 00 00
OPT=00000041
[T_NET_DEVICE_DEF_FUNCTION_LIST]
[PAS_OD_WRITE]
ID=00071707 0000
DATA=40 01 01 01 01 01 01 01 00 01 00 00 00 00 00 00 00 01 01 01 01 01 00 01 01 01 01 01 00 00 00 00 00 01 00 01 00 00 00 00 00 00 00 00 00 00 00 00 00 01 01 01 01 01 01 01 00 00 00 00 00 00 00 00 00
OPT=00000041
[T_NET_DEVICE_DEF_FUNCTION_LIST]
[PAS_OD_WRITE]
ID=00071708 0000
DATA=40 01 01 01 01 01 01 01 00 01 00 00 00 00 00 00 00 01 01 01 01 01 01 01 01 01 01 01 00 00 00 00 00 01 01 01 00 00 00 00 00 00 00 00 00 00 00 00 00 01 01 01 01 01 01 01 00 00 00 00 00 00 00 00 00
OPT=00000041
[T_NET_DEVICE_DEF_FUNCTION_LIST]
[PAS_OD_WRITE]
ID=00071709 0000
DATA=40 01 01 01 01 01 01 01 00 01 00 00 00 00 00 00 00 01 01 01 01 01 01 01 01 01 01 01 00 00 00 00 00 01 01 01 00 00 00 00 00 00 00 00 00 00 00 00 00 01 01 01 01 01 01 01 00 00 00 00 00 00 00 00 00
OPT=00000041
[T_NET_DEVICE_DEF_FUNCTION_LIST]
[PAS_OD_WRITE]
ID=0007170a 0000
DATA=40 00 00 00 00 00 00 00 00 00 00 00 00 00 00 00 00 00 00 00 00 00 00 00 00 00 00 00 00 00 00 00 00 00 00 00 00 00 00 00 00 00 00 00 00 00 00 00 00 00 00 00 00 00 00 00 00 00 00 00 00 00 00 00 00
OPT=00000041
[T_NET_DEVICE_DEF_FUNCTION_LIST]
[PAS_OD_WRITE]
ID=0007170b 0000
DATA=40 00 00 00 00 00 00 00 00 00 00 00 00 00 00 00 00 00 00 00 00 00 00 00 00 00 00 00 00 00 00 00 00 00 00 00 00 00 00 00 00 00 00 00 00 00 00 00 00 00 00 00 00 00 00 00 00 00 00 00 00 00 00 00 00
OPT=00000041
[T_NET_DEVICE_DEF_FUNCTION_LIST]
[PAS_OD_WRITE]
ID=0007170c 0000
DATA=40 01 01 01 01 01 01 01 00 01 00 00 00 00 00 00 00 01 01 01 01 01 01 01 01 01 01 01 00 00 00 00 00 01 01 01 00 00 00 00 00 00 00 00 00 00 00 00 00 01 01 01 01 01 01 01 00 00 00 00 00 00 00 00 00
OPT=00000041
[T_NET_DEVICE_DEF_FUNCTION_LIST]
[PAS_OD_WRITE]
ID=0007170d 0000
DATA=40 00 00 00 00 00 00 00 00 00 00 00 00 00 00 00 00 00 00 00 00 00 00 00 00 00 00 00 00 00 00 00 00 00 00 00 00 00 00 00 00 00 00 00 00 00 00 00 00 00 00 00 00 00 00 00 00 00 00 00 00 00 00 00 00
OPT=00000041
[T_NET_DEVICE_DEF_FUNCTION_LIST]
[PAS_OD_WRITE]
ID=0007170e 0000
DATA=40 01 01 01 01 01 01 01 00 01 00 00 00 00 00 00 00 01 01 01 01 01 01 01 01 00 00 00 00 00 00 00 00 01 01 01 00 00 00 00 00 00 00 00 00 00 00 00 00 01 01 01 01 01 01 00 00 00 00 00 00 00 00 00 00
OPT=00000041
[T_NET_DEVICE_DEF_FUNCTION_LIST]
[PAS_OD_WRITE]
ID=00071711 0000
DATA=40 01 01 01 01 01 01 01 00 01 00 00 00 00 00 00 00 01 01 01 01 01 00 01 01 01 01 01 00 00 00 00 00 01 00 01 00 00 00 00 00 00 00 00 00 00 00 00 00 01 01 01 01 01 01 01 00 00 00 00 00 00 00 00 00
OPT=00000041
[T_NET_DEVICE_DEF_FUNCTION_LIST]
[PAS_OD_WRITE]
ID=00071712 0000
DATA=40 01 01 01 01 01 01 01 00 01 00 00 00 00 00 00 00 01 01 01 01 01 01 01 01 01 01 01 00 00 00 00 00 01 01 01 00 00 00 00 00 00 00 00 00 00 00 00 00 01 01 01 01 01 01 01 00 00 00 00 00 00 00 00 00
OPT=00000041
[T_NET_DEVICE_DEF_FUNCTION_LIST]
[PAS_OD_WRITE]
ID=00071714 0000
DATA=40 01 01 01 01 01 01 01 00 01 00 00 00 00 00 00 00 01 01 01 01 01 01 01 01 01 01 01 00 00 00 00 00 01 01 01 00 00 00 00 00 00 00 00 00 00 00 00 00 01 01 01 01 01 01 01 00 00 00 00 00 00 00 00 00
OPT=00000041
[T_NET_DEVICE_DEF_FUNCTION_LIST]
[PAS_OD_WRITE]
ID=00071715 0000
DATA=40 01 01 01 01 01 01 01 00 01 00 00 00 00 00 00 00 01 01 01 01 01 01 01 01 00 00 00 00 00 00 00 00 01 01 01 00 00 00 00 00 00 00 00 00 00 00 00 00 01 01 01 01 01 01 00 00 00 00 00 00 00 00 00 00
OPT=00000041
[T_NET_DEVICE_DEF_FUNCTION_LIST]
[PAS_OD_WRITE]
ID=00071716 0000
DATA=40 01 01 01 01 01 01 01 00 01 00 00 00 00 00 00 00 01 01 01 01 01 01 01 01 00 00 00 00 00 00 00 00 01 01 01 00 00 00 00 00 00 00 00 00 00 00 00 00 01 01 01 01 01 01 00 00 00 00 00 00 00 00 00 00
OPT=00000041
[PAS_SDO_SEND_DIRECT]
OPT=0a01010b
ID=00000000 0000
OPT=0003
DATA=00
OPT=00000001F4
[PAS_PDO_SEND]
OPT=0004 00071700 00071701 00071702 00071703 00071704 00071705 00071706 00071707 00071708 00071709 0007170a 0007170b 0007170c 0007170d 0007170e 00071711 00071712 00071714 00071715 00071716 00000014 0a01010b
[PAS_SDO_SEND_DIRECT]
OPT=0a01010b
ID=00000000 0000
OPT=0004
DATA=00
OPT=00000001F4
